20 0 0
0 0 0
0 0 0
0 0 0
0 0 0
0 0 0
0 0 0
0 0 0
2 0 0
0 0 0
0 0 0
0 0 0
0 0 0
0 0 0
0 0 0
0 0 0
13397 0 0
5297 0 0
5235 0 0
6045 0 0
7151 0 0
8454 0 0
9842 0 0
11372 0 0
36084 0 0
15026 0 0
17142 0 0
18917 0 0
21355 0 0
24021 0 0
28109 0 0
33035 0 0
104810 0 0
47161 0 0
55044 0 0
61168 0 0
67355 0 0
72367 0 0
77218 0 0
81093 0 0
176391 0 0
87074 0 0
88768 0 0
89055 0 0
87819 0 0
86937 0 0
85766 0 0
84236 0 0
179288 0 0
84358 0 0
84626 0 0
85672 0 0
87627 0 0
89951 0 0
93988 0 0
98490 0 0
263972 0 0
113072 0 0
122705 0 0
133714 0 0
147487 0 0
163454 0 0
183234 0 0
204870 0 0
544227 0 0
249421 0 0
270216 0 0
290945 0 0
309536 0 0
326587 0 0
343576 0 0
357829 0 0
817776 0 0
384647 0 0
397091 0 0
411705 0 0
428213 0 0
446091 0 0
460661 0 0
474336 0 0
1000744 0 0
483444 0 0
485413 0 0
486410 0 0
487521 0 0
489814 0 0
488192 0 0
486509 0 0
987229 0 0
481776 0 0
477697 0 0
472314 0 0
466385 0 2
460739 0 0
454357 0 0
446172 0 1
871450 2 94
429736 0 34
421706 3 118
411492 6 436
400086 37 9368
391305 38 5001
379148 42 14751
367307 83 36715
696374 197 206099
345063 130 158022
334094 164 277007
322324 236 438398
312742 767 1107010
302064 570 838239
293212 750 1007386
285630 1187 1080914
550145 3387 1489051
269625 2505 923365
263051 3762 766157
256707 5219 595754
250851 13493 592574
246115 9725 311934
240870 13179 233910
236570 16998 187292
464877 40705 228779
227932 28728 136661
224484 38689 122026
219690 51183 113148
216619 94368 177777
213055 66592 125226
211165 60535 133822
207289 50416 116136
415695 60064 121316
203716 35033 66047
199675 31529 48734
199238 29219 32805
196858 45211 22208
195023 29326 8633
193165 31035 5242
191424 34061 3411
386523 63994 3230
188458 43658 1619
187244 50430 1158
185361 57926 859
184044 109063 820
182169 75341 359
181406 84613 263
179900 94318 164
368989 170142 143
179134 116360 77
178033 130975 33
176914 146195 22
177048 262929 16
177107 181062 12
177629 196804 6
178131 206736 3
371909 323760 2
178835 212901 4
180725 209655 5
180485 206810 1
181520 312815 0
182562 202931 0
184634 202743 0
185581 204828 1
392642 322602 0
188286 210760 0
189206 216171 0
192203 222516 0
193597 360156 0
195859 240208 0
199258 250504 0
201654 265486 0
437956 455297 0
207671 305556 0
211987 333681 0
215467 365358 0
219660 630994 0
223935 432351 0
226623 449463 0
229950 444757 0
481845 560931 0
235904 337856 0
236498 252541 0
236098 170295 0
235530 133703 0
232948 59316 0
229410 31399 0
225542 16155 0
427948 9691 0
214586 3634 0
208600 1625 0
200799 679 0
194695 372 0
184573 110 0
176904 41 0
169230 18 0
312613 9 0
154432 1 0
148401 0 0
143999 0 0
138093 1 0
134345 0 0
131096 0 0
127934 0 0
238862 0 0
121245 0 0
117613 0 0
113165 0 0
107308 0 0
101274 0 0
93526 0 0
85589 0 0
132940 0 0
69179 0 0
61945 0 0
54029 0 0
47607 0 0
40624 0 0
35260 0 0
30209 0 0
39583 0 0
21197 0 0
17343 0 0
13855 0 0
10827 0 0
8367 0 0
6141 0 0
4598 0 0
4626 0 0
2375 0 0
1600 0 0
1126 0 0
812 0 0
574 0 0
447 0 0
327 0 0
317 0 0
177 0 0
103 0 0
93 0 0
0 0 0
0 0 0
0 0 0
0 0 0
0 0 0
0 0 0
0 0 0
0 0 0
0 0 0
0 0 0
0 0 0
0 0 0
0 0 0
0 0 0
0 0 0
0 0 0
0 0 0
0 0 0
0 0 0
0 0 0
